-0.23318023090936624
0.2705433618848785
-0.26975595404616315
0.3575720503383528
-0.22129373593136914
0.21888602879062025
0.4097400837265006
0.6308420213934514
0.8609234784392747
0.15292194151547123
0.20959470656819845
-0.7864486786937768
-0.01009983870590403
-0.3677719335429822
-0.37068856209167467
-0.889915578896277
0.5067018813343307
0.7076343328938297
-0.7171548822510129
0.8218721604656867
0.4741619209726131
0.931897366865956
0.7270779652787782
-0.8606394474891148
-0.8510980416516385
0.3659324106707078
-0.6402903849394406
-0.4656331662086064
0.2248893320914811
0.18886559008569614
0.1471733763579699
-0.7634466228824447
-0.8926871209675937
-0.18680486678185637
0.5545511530670899
-0.3429824898735073
-0.90860974092206
-0.15438890167721275
0.44574891657088234
-0.7147052494046802
-0.06101148461904626
-0.2609051594621369
-0.9268755894025118
0.501403461015484
0.44724853761241246
-0.6623426384510791
0.24777605159261196
0.09922645458682977
-0.5322389416427973
-0.08728871861134335
0.7582171708776182
-0.06485533963242207
0.4540916913523796
-0.7969507831883861
-0.31262489044283504
0.7172790405951353
-0.432547156548001
0.4954174751354472
0.7173193628481742
0.20366217521117824
0.6744703573358781
-0.3688027210217001
0.4258124391182969
0.824279818109944
0.8477378826048443
0.9300869655878292
0.8635326372050021
0.9148781372167034
0.6146640874772464
-0.7435479511330536
-0.14198058123621882
0.7935134821663903
0.9251182485668252
0.7494458025125936
-0.43419115483029613
0.6027004021303135
-0.5348253597364034
0.061477197942696016
-0.7062995303790007
0.7397809697994677
0.6736417642577648
-0.5152331161847465
-0.8731966348271191
-0.05775632084230997
0.3502809785741059
-0.11435669048496044
-0.744667018937287
0.6619423123989114
-0.48889442409717876
-0.020566628978695767
0.15518396985611926
-0.8124197117673887
0.15836155106626681
0.24930714364712037
-0.245705907005766
-0.5733602773446248
-0.8868830197642401
-0.5633438224677156
0.2878745262874518
0.56166919882245
0.13860786394864055
0.5333112577106125
0.6300552269204449
0.15662846121930696
0.32744339444376647
0.5015289820799462
-0.7562551601920928
0.6185703620968206
-0.8766283049965664
-0.8199948198281966
0.7334586295848531
-0.07651354469097182
0.19230901478523177
0.7270575193187683
-0.34761288444711225
0.8075545147482042
-0.42348979466437386
-0.10083155401348376
0.8070077357642595
0.5175935365458848
0.30063260219732624
-0.6959613940086231
0.5322362852708524
0.931330866850471
-0.4477804606597684
-0.7257223295644475
0.6100671397039832
0.8384620488564327
-0.855758751477073
-0.6809091846468667
0.6932742686157995
0.7700998736450473
-0.15856124444747277
-0.14797980064007932
-0.08218586454746335
0.12165806692538506
0.7957377128646064
0.1758521798445567
-0.8742461270390033
-0.743208720732669
0.7046903545844259
0.8984151742015278
0.8833107014637471
-0.8648185942749033
-0.3921059771188813
-0.6644681561383301
-0.40653485643873577
-0.124651125560578
-0.36824385549420524
0.07134632509842076
0.8016855174352875
0.8991777728538641
0.74312798533355
-0.1593661082900404
0.3794609633649715
0.8643977620326253
0.7903748707254934
0.5143044230079947
0.5109880498004975
0.7749915399446885
-0.5354934155853707
-0.775030699094543
0.9012457472656317
-0.5147154901158608
0.9273648788888511
-0.007074025289397823
-0.5071404835393936
0.264274148323864
-0.41955959317417657
0.2172384022249707
-0.5642243631345608
0.5475261300495591
-0.870135437525414
0.948382312163873
0.811908311025366
0.9333592129966395
0.13784847270602962
0.5564372740681245
-0.6950000203481522
-0.41119965106891876
0.3596215564762968
0.07912804434619125
0.16678833034303264
-0.472047444704972
0.02028466670946094
-0.1844904492979037
-0.7823994364006732
0.8137200425639999
0.08728045563371123
0.0872878185368764
0.8100788752497157
-0.784731881160929
-0.06064448043097437
-0.5719599120557779
0.5274322615664715
0.8369324178389392
0.3296358461162985
0.8024682408996622
0.10390900473767828
0.7329704063142974